seconds
39
10
4
36
4
5
4
91
49
1
25
1
4
30
42
9
49
44
32
3
78
1
30
205
5
129
103
224
186
53
14
9
2
10
1
34
170
129
4
4
35
5
5
22
36
35
121
23
33
48
32
21
4
23
9
13
165
14
22
41
12
138
95
49
62
2
35
89
90
69
22
15
19
42
14
11
41
210
16
30
37
66
9
16
14
24
12
159
89
118
29
21
18
2
114
37
46
17
1
150
382
160
66
206
9
26
62
239
13
4
85
85
240
178
34
102
9
146
59
48
25
25
111
5
31
51
6
193
27
25
96
26
30
30
17
320
78
39
13
13
19
128
34
84
40
177
349
274
82
58
31
114
39
88
84
232
108
38
86
7
22
80
239
3
39
63
152
63
80
245
196
46
152
102
9
228
220
208
78
3
83
6
212
91
3
10
172
21
173
371
40
48
126
90
149
30
317
500
673
432
66
168
66
66
128
49
332